1 0.992148 0.341463 0.390244 -nan 5031
21 0.975729 0.097561 -0.0243902 -0.0243902 4957
41 0.970732 0.121951 -0.0243902 -0.0243902 4988
61 0.966449 0.0731707 -0.0243902 -0.0243902 4979
81 0.961689 0.0731707 -0.0243902 -0.0243902 4897
101 0.956692 0.0487805 -0.0243902 -0.0243902 4932
121 0.955265 0.0487805 -0.0243902 -0.0243902 4976
141 0.954789 0.0487805 -0.0243902 -0.0243902 4959
161 0.954313 0.0487805 -0.0243902 -0.0243902 5016
181 0.953956 0.0487805 -0.0243902 -0.0243902 4945
201 0.953718 0.0487805 -0.0243902 -0.0243902 4959
221 0.953718 0.0487805 -0.0243902 -0.0243902 4934
241 0.953599 0.0487805 -0.0243902 -0.0243902 4934
261 0.95348 0.0243902 -0.0243902 -0.0243902 4930
281 0.953123 0.0243902 -0.0243902 -0.0243902 4919  
