1 0.998929 0.804878 0.829268 -nan 762
21 0.982867 0.292683 -0.0243902 -0.0243902 740
41 0.975372 0.195122 -0.0243902 -0.0243902 739
61 0.969661 0.146341 -0.0243902 -0.0243902 741
81 0.964069 0.097561 -0.0243902 -0.0243902 737
101 0.960738 0.097561 -0.0243902 -0.0243902 738
121 0.958358 0.0731707 -0.0243902 -0.0243902 739
141 0.956692 0.0487805 -0.0243902 -0.0243902 737
161 0.955384 0.0487805 -0.0243902 -0.0243902 739
181 0.954432 0.0487805 -0.0243902 -0.0243902 738
201 0.954194 0.0487805 -0.0243902 -0.0243902 736
221 0.953599 0.0487805 -0.0243902 -0.0243902 739
241 0.953599 0.0487805 -0.0243902 -0.0243902 739
261 0.953599 0.0487805 -0.0243902 -0.0243902 737
281 0.953599 0.0487805 -0.0243902 -0.0243902 739  
